Hostname:       ikelite-1-0.local
Date:           2009-03-26 15:24:05
Spatial:        no
Reverse:        no
Color Map:      no

 L       FOUND         EQUIV         TIME (s)
----  ------------  ------------  ------------
  1            12            12         0.001
  2           114           114         0.002
  3           924           924         0.031
  4          6539          6539         0.071
  5         39528         39528         0.240
  6        199926        199926         1.517
  7        806136        806136        13.526
  8       2761740       2761740        88.433
  9       8656152       8656152       326.077

  
::::::::::::::


Hostname:       atlantic.camera.calit2.net
Date:           2010-06-24 16:31:59
Spatial:        no
Reverse:        no
Color Map:      no
LVL      FOUND     STORED     LIVING       DEAD   SYMMETRY       TIME
---------------------------------------------------------------------
  1         12         13          0          0         12      0.007 12
  2        114        127          0          0        108      0.020 0 108
  3        924       1051          0          0        764      0.045 0 0 764
  4       6539       7590          0          0       4498      0.160 0 0 4 4494
  5      39528      47118          0          0      21430      0.653 0 0 4 48 21378
  6     199926     247044          0          0      77050      2.422 0 0 4 48 324 76674
  7     806136    1053180          0          0     177664     16.673 0 0 4 48 324 2172 175116
  8    2761740    3814920          0          0     357338     45.974 0 0 4 48 324 2172 11362 343428
  9    8656152   12471072          0          0     741760    135.468 0 0 4 48 324 2172 11362 24920 702930
 10   22334112   34805184          0          0    1318238    414.979 0 0 4 48 324 2172 11362 24920 69812 1209596
 11   32420448   67225632          0          0    1533052    720.998 0 0 4 48 324 2172 11362 24920 69812 312258 1112152
 12   18780864   86006496          0          0    1334694    671.074 0 0 4 48 324 2172 11362 24920 69812 312258 671428 242366
 13    2166720   88173216          0          0    1306428    210.559 0 0 4 48 324 2172 11362 24920 69812 312258 671428 212788 1312
 14       6624   88179840          0          0    1306424    190.057 0 0 4 48 324 2172 11362 24920 69812 312258 671428 212788 1308
 15          0   88179840          0          0    1306424    188.131 0 0 4 48 324 2172 11362 24920 69812 312258 671428 212788 1308
