Hostname:       ikelite-1-1.local
Date:           2009-04-02 13:26:11
Spatial:        yes
Reverse:        no
Color Map:      yes

 L       FOUND         EQUIV         TIME (s)
----  ------------  ------------  ------------
  1             2           144         0.029
  2             5           648         0.058
  3            12          2880         0.034
  4            33         12816         0.064
  5           118         54144         0.157
  6           425        215256         0.550
  7          1463        793392         1.947
  8          4895       2739576         6.461
  9         15241       8652192        21.735
 10         39095      22334112        68.806
 11         56646      32420448       173.745
 12         32834      18780864       252.834
 13          3822       2166720       145.952
 14            16          6624        16.988
 15             0             0         0.070



::::::::::::::::



Hostname:       bfoxcam
Date:           2009-05-15 11:13:25      
Spatial:        yes  
Reverse:        no   
Color Map:      yes  

LVL      FOUND     STORED     LIVING       DEAD       TIME
----------------------------------------------------------
  1          2          3          1          0      0.013
  2          5          8          2          0      0.015
  3         12         20          5          0      0.026
  4         33         53         12          0      0.063
  5        118        171         33          0      0.163
  6        425        596        118          0      0.579
  7       1463       2059        415         10      2.133
  8       4895       6954       1427         36      7.313
  9      15241      22195       4729        166     24.633
 10      39095      61290      14110       1131     77.346
 11      56646     117936      27328      11767    196.496
 12      32834     150770      20244      36402    283.262
 13       3822     154592       3264      29570    162.836
 14         16     154608         16       3806     19.121
 15          0     154608          0         16      0.332
 
 
 
 Hostname:       bfoxdesk                 
Date:           2010-01-31 19:03:28      
Spatial:        yes                      
Reverse:        no                       
Color Map:      yes                      
Levels:         0-MAX

LVL      FOUND     STORED     LIVING       DEAD   SYMMETRY       TIME
---------------------------------------------------------------------
  1          2          3          0          0          2      0.001 2 
  2          5          8          0          0          4      0.001 0 4 
  3         12         20          0          0          4      0.001 0 0 4 
  4         33         53          0          0          8      0.001 0 0 0 8 
  5        118        171          0          0         22      0.003 0 0 0 0 22 
  6        425        596          0          0         46      0.009 0 0 0 0 0 46 
  7       1463       2059          0          0         82      0.009 0 0 0 0 0 2 80 
  8       4895       6954          0          0        138      0.017 0 0 0 0 0 2 0 136 
  9      15241      22195          0          0        214      0.033 0 0 0 0 0 2 0 0 212 
 10      39095      61290          0          0        218      0.085 0 0 0 0 0 2 0 0 0 216 
 11      56646     117936          0          0         76      0.153 0 0 0 0 0 2 0 0 0 18 56 
 12      32834     150770          0          0         52      0.144 0 0 0 0 0 2 0 0 0 18 26 6 
 13       3822     154592          0          0         50      0.110 0 0 0 0 0 2 0 0 0 18 26 4 
 14         16     154608          0          0         50      0.106 0 0 0 0 0 2 0 0 0 18 26 4 
 15          0     154608          0          0         50      0.107 0 0 0 0 0 2 0 0 0 18 26 4 
