Hostname:       bfoxcam
Date:           2009-03-26 13:19:39      
Spatial:        yes  
Reverse:        no   
Color Map:      no   

 L       FOUND         EQUIV         TIME (s)
----  ------------  ------------  ------------
  1             6           144         0.005
  2            27           648         0.008
  3           120          2880         0.013
  4           534         12816         0.037
  5          2256         54144         0.139
  6          8969        215256         0.574
  7         33058        793392         2.415
  8        114149       2739576         9.695
  9        360508       8652192        35.950
 10        930588      22334112        96.679
 11       1350852      32420448       228.092
 12        782536      18780864       317.025
 13         90280       2166720       166.439
 14           276          6624        18.395
 15             0             0         0.067
 

::::::::::::::::::::::
 

Hostname:       bfoxcam
Date:           2009-05-15 10:58:10      
Spatial:        yes  
Reverse:        no   
Color Map:      no   

LVL      FOUND     STORED     LIVING       DEAD       TIME
----------------------------------------------------------
  1          6          7          1          0      0.009
  2         27         34          6          0      0.013
  3        120        154         27          0      0.014
  4        534        688        120          0      0.034
  5       2256       2944        534          0      0.117
  6       8969      11913       2256          0      0.485
  7      33058      44971       8926         43      1.988
  8     114149     159120      32645        413      7.876
  9     360508     519628     111157       2992     27.779
 10     930588    1450216     335727      24781     87.989
 11    1350852    2801068     662691     267897    212.260
 12     782536    3583604     499108     851744    282.855
 13      90280    3673884      78473     704063    160.355
 14        276    3674160        271      90009     26.280
 15          0    3674160          0        276      8.584  
 
 
 
 Hostname:       atlantic.camera.calit2.net
Date:           2010-06-25 08:23:42
Spatial:        yes
Reverse:        no
Color Map:      no
LVL      FOUND     STORED     LIVING       DEAD   SYMMETRY       TIME
---------------------------------------------------------------------
  1          6          7          0          0          6      0.002 6
  2         27         34          0          0         24      0.004 0 24
  3        120        154          0          0         96      0.013 0 0 96
  4        534        688          0          0        414      0.023 0 0 0 414
  5       2256       2944          0          0       1558      0.048 0 0 0 0 1558
  6       8969      11913          0          0       5320      0.102 0 0 0 0 0 5320
  7      33058      44971          0          0      16396      0.355 0 0 0 0 0 2 16394
  8     114149     159120          0          0      45992      1.122 0 0 0 0 0 2 10 45980
  9     360508     519628          0          0     111510      3.535 0 0 0 0 0 2 10 48 111450
 10     930588    1450216          0          0     183120      9.775 0 0 0 0 0 2 10 48 558 182502
 11    1350852    2801068          0          0     106050     17.652 0 0 0 0 0 2 10 48 558 13974 91458
 12     782536    3583604          0          0      56902     14.086 0 0 0 0 0 2 10 48 558 13974 35282 7028
 13      90280    3673884          0          0      55600     10.549 0 0 0 0 0 2 10 48 558 13974 35282 5698 28
 14        276    3674160          0          0      55600     10.314 0 0 0 0 0 2 10 48 558 13974 35282 5698 28
 15          0    3674160          0          0      55600     10.157 0 0 0 0 0 2 10 48 558 13974 35282 5698 28
 
 