Hostname:       atlantic.camera.calit2.net
Date:           2010-06-25 08:22:25
Spatial:        yes
Reverse:        no
Color Map:      no
LVL      FOUND     STORED     LIVING       DEAD   SYMMETRY       TIME
---------------------------------------------------------------------
  1         12         13          0          0         12      0.007 12
  2        116        129          0          0        108      0.026 0 108
  3       1202       1331          0          0       1074      0.072 0 0 1074
  4      12750      14081          0          0      10732      0.363 0 0 0 10732
  5     135702     149783          0          0     107522      3.725 0 0 0 0 107522
  6    1443818    1593601          0          0    1073776     42.639 0 0 0 0 0 1073776
  7   15378775   16972376          0          0   10727946    483.041 0 0 0 0 0 0 10727946

